n_pix = 2048;
d_marte = 3390*2;
fov = 2048*d_marte/38;
